image: 4f_life.pgm
resolution: 0.050000
origin: [-76.322912, -19.621567, 0.000000]
negate: 0
occupied_thresh: 0.65
free_thresh: 0.196

