image: hycore.pgm
resolution: 0.050000
origin: [-16.229076, -11.402670, 0.000000]
negate: 0
occupied_thresh: 0.65
free_thresh: 0.196

