image: mu.pgm
resolution: 0.050000
origin: [-48.273340, -47.279773, 0.000000]
negate: 0
occupied_thresh: 0.65
free_thresh: 0.196

