image: mu_1f.pgm
resolution: 0.050000
origin: [-46.366446, -26.131616, 0.000000]
negate: 0
occupied_thresh: 0.65
free_thresh: 0.196

