image: new_carto.pgm
resolution: 0.050000
origin: [-14.590053, -28.523303, 0.000000]
negate: 0
occupied_thresh: 0.65
free_thresh: 0.196

