image: test1006.pgm
resolution: 0.050000
origin: [-19.895299, -9.100000, 0.000000]
negate: 0
occupied_thresh: 0.65
free_thresh: 0.196

