image: tmp2.pgm
resolution: 0.050000
origin: [-19.592732, -8.845148, 0.000000]
negate: 0
occupied_thresh: 0.65
free_thresh: 0.196

